3ARO 2013 213  0.00  0.00  0.00  0.50  0.50  0.40
3ARO 2013 214  0.10  2.00  2.80  0.60  0.60  0.50
3ARO 2013 215 -0.90 -0.80  0.20  0.50  0.50  0.40
3ARO 2013 216  2.10 -3.30  3.20  0.50  0.50  0.40
3ARO 2013 217 -1.30  2.40 -1.50  0.50  0.50  0.40
3ARO 2013 218 -5.30 -2.10 -3.10  0.50  0.50  0.40
3ARO 2013 219 -10.00  0.00 -7.90  0.50  0.50  0.40
3ARO 2013 220  3.00 -3.80  2.00  0.50  0.50  0.40
3ARO 2013 221  5.00 -4.50  3.80  0.50  0.50  0.40
3ARO 2013 222 -7.20  3.20 -4.30  0.50  0.50  0.40
3ARO 2013 223 -4.00  0.90 -1.70  0.50  0.50  0.40
3ARO 2013 224  7.70 -4.90  4.60  0.50  0.50  0.40
3ARO 2013 225  8.30 -4.70  6.30  0.50  0.50  0.40
3ARO 2013 226 -0.80 -0.70  0.20  0.50  0.50  0.40
3ARO 2013 227 -4.80  3.10 -7.50  0.50  0.50  0.40
3ARO 2013 228 -2.60 -0.50 -0.40  0.50  0.50  0.40
3ARO 2013 229  2.70  0.60  2.70  0.50  0.50  0.40
3ARO 2013 230 -5.70  0.70 -4.70  0.50  0.50  0.40
3ARO 2013 231 -0.30 -1.90 -2.60  0.50  0.50  0.40
3ARO 2013 232  0.80 -3.40 -1.80  0.50  0.50  0.40
3ARO 2013 233  5.40 -1.70  0.30  0.50  0.50  0.40
3ARO 2013 234 10.90 -10.40  6.30  0.50  0.50  0.40
3ARO 2013 235 11.90 -9.20  7.90  0.50  0.50  0.40
3ARO 2013 236  6.10 -4.80  7.40  0.50  0.50  0.40
3ARO 2013 237  7.30 -10.50  9.00  0.50  0.50  0.40
3ARO 2013 238 -0.70 -3.00  2.40  0.50  0.50  0.40
3ARO 2013 239 -9.80  1.90 -3.40  0.50  0.50  0.40
3ARO 2013 240 -5.60  1.20 -2.60  0.50  0.50  0.40
3ARO 2013 241 -6.90  0.90 -3.50  0.50  0.50  0.40
3ARO 2013 242 -4.40  1.00 -2.50  0.50  0.50  0.40
3ARO 2013 243 -8.70 -5.10 -4.20  0.50  0.50  0.40
3ARO 2013 244 -4.70 -2.80 -2.80  0.50  0.50  0.40
3ARO 2013 245  0.10 -3.30  0.20  0.50  0.50  0.40
3ARO 2013 246  3.10 -7.90  4.80  0.50  0.50  0.40
3ARO 2013 247 -3.60 -2.90  0.20  0.50  0.50  0.40
3ARO 2013 248 -11.90  0.70 -2.90  0.50  0.50  0.40
3ARO 2013 249 -14.50 -0.60 -5.40  0.50  0.50  0.40
3ARO 2013 250 -9.30 -0.80 -3.60  0.50  0.50  0.40
3ARO 2013 251 -7.20 -2.80 -1.80  0.50  0.50  0.40
3ARO 2013 252 -15.00  1.10 -8.40  0.50  0.50  0.40
3ARO 2013 253 -13.70 10.60 -11.00  0.60  0.70  0.50
3ARO 2013 254 -7.30 -1.30 -4.00  0.50  0.50  0.40
3ARO 2013 255 -5.20 -7.80 -0.10  0.50  0.50  0.40
3ARO 2013 256  2.10 -6.00  3.10  0.50  0.50  0.40
3ARO 2013 257 -3.70 -8.40  0.80  0.50  0.50  0.40
3ARO 2013 258 -2.60 -8.10  1.80  0.50  0.50  0.40
3ARO 2013 259 -3.10 -8.00  2.60  0.50  0.50  0.40
3ARO 2013 260  5.40 -6.30  4.10  0.50  0.50  0.40
3ARO 2013 261  0.50 -6.70  2.90  0.50  0.50  0.40
3ARO 2013 262 -7.60 -3.40 -2.60  0.50  0.50  0.40
3ARO 2013 263 -2.00 -4.50  1.20  0.50  0.50  0.40
3ARO 2013 264  3.70 -6.30  5.00  0.50  0.50  0.40
3ARO 2013 265  4.70 -6.90  7.20  0.50  0.50  0.40
3ARO 2013 266  0.30 -9.50  6.80  0.50  0.50  0.40
3ARO 2013 267  8.70 -7.50  7.50  0.50  0.50  0.40
3ARO 2013 268 -2.00 -9.10  0.90  0.50  0.50  0.40
3ARO 2013 269 -4.60 -6.40  1.40  0.50  0.50  0.40
3ARO 2013 270 -5.50 -8.70  2.10  0.50  0.50  0.40
3ARO 2013 271 -6.80 -9.80  1.90  0.50  0.50  0.40
3ARO 2013 272 -2.80 -7.50  3.60  0.50  0.50  0.40
3ARO 2013 273  2.50 -9.00  7.60  0.50  0.50  0.40
3ARO 2013 274 -2.40 -6.50  2.70  0.50  0.50  0.40
3ARO 2013 275 -1.90 -3.40  4.10  0.50  0.50  0.40
3ARO 2013 276 -8.20 -1.40 -0.60  0.50  0.50  0.40
3ARO 2013 277 -5.50 -7.00  2.90  0.50  0.50  0.40
3ARO 2013 278 -6.00 -7.10  4.90  0.50  0.50  0.40
3ARO 2013 279 -5.80 -3.40  2.20  0.50  0.50  0.40
3ARO 2013 280 -6.00  2.50  2.20  0.50  0.50  0.40
3ARO 2013 281 -9.80  1.00 -1.90  0.50  0.50  0.40
3ARO 2013 282 -6.20  5.10 -0.60  0.50  0.50  0.40
3ARO 2013 283 -3.10 -2.30  4.20  0.50  0.50  0.40
3ARO 2013 284 -4.60  2.00  3.90  0.50  0.50  0.40
3ARO 2013 285 -8.90 -0.50  1.60  0.50  0.50  0.40
3ARO 2013 286 -8.20 -1.20  2.00  0.50  0.50  0.40
3ARO 2013 287 -7.90 -2.40  0.50  0.50  0.50  0.40
3ARO 2013 288 -8.60 -1.50 -0.60  0.50  0.50  0.40
3ARO 2013 289 -7.70 -4.70  1.90  0.50  0.60  0.40
3ARO 2013 290 -7.00 -5.00  2.80  0.50  0.50  0.40
3ARO 2013 291 -4.80 -5.70 -0.20  0.50  0.50  0.40
3ARO 2013 292 -9.20 -1.60 -5.00  0.50  0.50  0.40
3ARO 2013 293 -7.90  0.80 -1.70  0.50  0.60  0.40
3ARO 2013 294  1.70 -4.10  4.10  0.50  0.50  0.40
3ARO 2013 295 -1.30 -2.20  2.00  0.50  0.50  0.40
3ARO 2013 296 -0.10 -3.80  5.20  0.50  0.50  0.40
3ARO 2013 297 -3.50 -9.90  6.60  0.50  0.50  0.40
3ARO 2013 298 -8.20 -3.30  3.60  0.50  0.50  0.40
3ARO 2013 299 -5.20 -3.70  0.70  0.50  0.50  0.40
3ARO 2013 300 -2.80 -2.10 -0.30  0.50  0.50  0.40
3ARO 2013 301 -8.90 -1.50 -0.80  0.50  0.50  0.40
3ARO 2013 302 -9.50  4.10 -2.20  0.50  0.50  0.40
3ARO 2013 303 -9.70  7.40 -5.00  0.50  0.50  0.40
3ARO 2013 304 -13.60  3.50 -6.60  0.50  0.50  0.40
3ARO 2013 305 -14.00 -0.30 -6.60  0.50  0.50  0.40
3ARO 2013 306 -11.80 -4.10 -0.50  0.50  0.50  0.40
3ARO 2013 307 -9.10 -2.30  0.10  0.50  0.50  0.40
3ARO 2013 308 -15.00 -4.10 -1.00  0.50  0.50  0.40
3ARO 2013 309 -12.10 -1.10  1.40  0.50  0.50  0.40
3ARO 2013 310 -15.00 -2.50 -1.10  0.50  0.50  0.40
3ARO 2013 311 -15.10 -3.40  2.40  0.50  0.50  0.40
3ARO 2013 312 -11.60 -2.10  3.00  0.50  0.50  0.40
3ARO 2013 313 -17.00 -3.60 -3.00  0.50  0.50  0.40
3ARO 2013 314 -14.70 -2.40  3.30  0.50  0.50  0.40
3ARO 2013 315 -11.10 -0.10  3.70  0.50  0.50  0.40
3ARO 2013 316 -9.40 -2.70  4.90  0.50  0.50  0.40
3ARO 2013 317 -15.10  0.80  4.00  0.50  0.50  0.40
3ARO 2013 318 -17.40 -4.30 -1.30  0.50  0.50  0.40
3ARO 2013 319 -7.70 -4.60  6.20  0.50  0.50  0.40
3ARO 2013 320 -12.10  0.00  4.00  0.50  0.50  0.40
3ARO 2013 321 -14.60  0.40  1.40  0.50  0.50  0.40
3ARO 2013 322 -15.40  0.40 -1.40  0.50  0.50  0.40
3ARO 2013 323 -10.10 -6.60  5.80  0.40  0.50  0.40
3ARO 2013 324 -10.90 -4.00  5.50  0.50  0.50  0.40
3ARO 2013 325 -13.00 -2.50  6.70  0.50  0.50  0.40
3ARO 2013 326 -16.90 -2.00  1.20  0.50  0.50  0.40
3ARO 2013 327 -16.20  2.10 -1.60  0.50  0.50  0.40
3ARO 2013 328 -8.50 -4.70  4.40  0.50  0.50  0.40
3ARO 2013 329 -6.00 -4.60  9.10  0.50  0.50  0.40
3ARO 2013 330 -6.60 -4.10  9.80  0.50  0.50  0.40
3ARO 2013 331 -10.00  0.50  6.80  0.50  0.50  0.40
3ARO 2013 332 -12.90 -6.10 10.70  0.50  0.50  0.40
3ARO 2013 333 -4.60 -3.90  9.00  0.50  0.50  0.40
3ARO 2013 334 -8.50  1.20  7.60  0.50  0.50  0.40
3ARO 2013 335 -17.70  5.30  0.30  0.50  0.60  0.50
3ARO 2013 336 -12.90  0.40  5.90  0.50  0.50  0.40
3ARO 2013 337 -4.30 -5.50 14.40  0.50  0.50  0.40
3ARO 2013 338 -13.40 -3.00  5.40  0.50  0.50  0.40
3ARO 2013 339 -4.20 -5.70 11.30  0.50  0.50  0.40
3ARO 2013 340 -9.90 -2.50  6.90  0.40  0.50  0.40
3ARO 2013 341 -11.40 -0.80  6.00  0.50  0.50  0.40
3ARO 2013 342 -13.30  1.10  4.50  0.50  0.50  0.40
3ARO 2013 343 -8.80 -5.60 11.10  0.50  0.50  0.40
3ARO 2013 344 -13.30 -1.70 10.50  0.50  0.50  0.40
3ARO 2013 345 -15.10  0.10  7.60  0.50  0.50  0.40
3ARO 2013 346 -16.80  1.70  5.90  0.50  0.50  0.40
3ARO 2013 347 -18.80 -1.50  3.30  0.50  0.60  0.40
3ARO 2013 348 -11.40  1.70  4.60  0.50  0.60  0.40
3ARO 2013 349 -21.80  1.50  5.20  0.50  0.50  0.40
3ARO 2013 350 -17.90 -3.90  4.70  0.50  0.50  0.40
3ARO 2013 351 -24.90  9.30 -3.60  0.50  0.50  0.40
3ARO 2013 352 -15.50 -0.90  5.40  0.40  0.50  0.40
3ARO 2013 353 -17.20 -7.60  5.80  0.50  0.50  0.40
3ARO 2013 354 -17.40 -2.90  3.80  0.50  0.50  0.40
3ARO 2013 355 -25.90  6.50 -4.70  0.50  0.50  0.40
3ARO 2013 356 -18.00  4.70  1.80  0.50  0.50  0.40
3ARO 2013 357 -11.50 -1.50  7.00  0.50  0.50  0.40
3ARO 2013 358 -18.90 -6.90  3.60  0.50  0.50  0.40
3ARO 2013 359 -24.90 -0.40 -0.80  0.50  0.60  0.50
3ARO 2013 360 -16.90  0.30  2.60  0.50  0.50  0.40
3ARO 2013 361 -10.80 -8.10  7.00  0.50  0.50  0.40
3ARO 2013 362 -12.50 -4.90  6.70  0.50  0.50  0.40
3ARO 2013 363 -25.60  4.80 -0.60  0.50  0.60  0.40
3ARO 2013 364 -17.00  0.90  3.40  0.50  0.50  0.40
3ARO 2013 365 -14.10  0.80  5.80  0.50  0.50  0.40
3ARO 2014 1 -11.10 -8.90  8.40  0.50  0.50  0.40
3ARO 2014 2 -15.70 -3.90  3.70  0.50  0.50  0.40
3ARO 2014 3 -5.20 -9.40 13.20  0.50  0.50  0.40
3ARO 2014 4 -16.60 -0.90  4.80  0.50  0.50  0.40
3ARO 2014 5 -9.70 -6.60  9.70  0.50  0.50  0.40
3ARO 2014 6 -17.40 -1.30  8.40  0.50  0.50  0.40
3ARO 2014 7 -19.90  1.00  5.30  0.50  0.50  0.40
3ARO 2014 8 -10.80 -5.10  8.70  0.50  0.50  0.40
3ARO 2014 9 -9.30 -0.60  8.30  0.50  0.60  0.50
3ARO 2014 10 -5.40 -6.90 12.80  0.50  0.50  0.40
3ARO 2014 11 -10.40 -2.80 10.80  0.50  0.50  0.40
3ARO 2014 12 -15.60  0.40  9.70  0.50  0.50  0.40
3ARO 2014 13 -11.90 -1.00  6.50  0.50  0.50  0.40
3ARO 2014 14 -8.10 -7.70  9.10  0.50  0.50  0.40
3ARO 2014 15 -18.30  4.00 -0.60  0.50  0.50  0.40
3ARO 2014 16 -12.50 -6.50 10.10  0.50  0.50  0.40
3ARO 2014 17 -21.10  7.60  0.20  0.60  0.60  0.50
3ARO 2014 18 -14.80 -3.00  2.50  0.50  0.60  0.40
3ARO 2014 19 -12.50 -3.20  2.20  0.50  0.50  0.40
3ARO 2014 20 -13.70 -6.00  5.40  0.50  0.60  0.40
3ARO 2014 21 -11.00  9.20  2.00  0.60  0.60  0.50
3ARO 2014 22 -16.50  1.50  4.30  0.50  0.50  0.40
3ARO 2014 23 -12.70  4.50  8.90  0.60  0.60  0.50
3ARO 2014 24 -8.70 -5.40 16.40  0.50  0.60  0.40
3ARO 2014 25 -8.80 -1.20 14.10  0.50  0.50  0.40
3ARO 2014 26 -16.00 -2.70 10.10  0.50  0.50  0.40
3ARO 2014 27 -1.60 -5.40 13.10  0.50  0.60  0.40
3ARO 2014 28 -12.90 -0.80  6.40  0.50  0.50  0.40
3ARO 2014 29 -13.10 -1.60 10.50  0.50  0.60  0.50
3ARO 2014 30 -14.10 -2.50  9.00  0.50  0.60  0.50
3ARO 2014 31  0.20 -5.40 12.70  0.50  0.60  0.50
3ARO 2014 32 -7.10 -5.50  9.40  0.50  0.60  0.40
3ARO 2014 33 -5.50  1.40  9.70  0.50  0.50  0.40
3ARO 2014 34 -3.50 -4.10  9.60  0.50  0.60  0.50
3ARO 2014 35 -16.90 -4.70  8.20  0.60  0.70  0.50
3ARO 2014 36 -12.10 -0.30  4.80  0.50  0.60  0.50
3ARO 2014 37 -8.10  1.20  9.10  0.50  0.50  0.40
