ANGO -72.6917 -37.7959 -15.3241641066 15.6383667533 0.0349174734442 0.0640904540803
ANTC -71.532 -37.3387 -31.9326973392 21.8065754105 0.0307239725139 0.0454594892842
ARCO -73.2257 -37.2059 10.6551170018 21.8407368349 0.0231673037303 0.0553554356056
AROA -72.7705 -36.7356 -2.87122713236 20.8809957797 0.0757185908261 0.130816553249
AUTF -68.3036 -54.8395 8.79863406185 15.8925165431 0.0598135969899 0.190663037524
AYSE -72.6813 -45.3965 3.901224596 13.7364395136 0.120586900836 0.146462017921
BCAR -58.3011 -37.7612 -4.20390517608 14.4134945113 0.0519770093378 0.0813086351642
CAST -73.7655 -42.4819 13.1896888932 14.1910998789 0.439813090368 0.356405976292
CAUQ -72.341 -35.9685 -13.113877028 21.4123248508 0.0291827140162 0.0614085482402
CBQC -72.8049 -36.147 9.31980627963 14.5936692845 0.261531664475 0.701861037234
CBRO -72.3987 -37.0405 -20.9015111926 14.4869956127 0.0736514602748 0.148235395286
CHAC -72.7894 -45.4504 0.891954344229 0.536405802075 3.96681886142e-06 5.02316164696e-07
CHML -70.1501 -37.3591 -19.0523612499 23.1632164692 0.215591145426 0.0749004276254
CLL1 -72.08 -36.5951 -33.7720752522 23.7648231904 0.111653800994 0.21736032072
CONS -72.4121 -35.331 -2.63268627412 27.6838047276 0.0900810358802 0.117922307718
CONZ -73.0255 -36.8438 8.79860925653 21.6433248792 0.0453526681691 0.0496305325165
COYQ -71.8921 -45.5143 1.37783457276 12.9147611854 0.0536246384274 0.113767470729
CRRH -71.4726 -39.5835 7.2347911016 36.3866573458 6.58696012472 2.57673373887
CRRL -68.3543 -36.1527 -20.1467751042 15.0804540791 0.0644299206014 0.177287157884
ELA2 -69.8136 -35.1802 -28.1798238948 17.6575887758 0.049154777994 0.0619542726081
ESQU -71.3234 -42.9171 -0.489300050937 12.6785330039 0.114827365463 0.126972649828
GAS1 -69.5894 -36.2108 -31.1465066449 11.1223260356 1.08251521456 0.770169277825
GUAF -74.8272 -43.5666 47.7241984114 21.5810962957 0.424298146252 0.34460181851
HLN2 -71.9302 -35.0099 -10.7255082279 12.2613373186 0.610138451236 0.607281497302
HLNE -71.7448 -35.0046 -27.130780112 17.02378284 0.15377385318 0.16032333243
IMCH -73.8853 -38.412 10.4792343113 12.7694481586 0.220855817873 0.34553689582
LAJA -71.3764 -37.3855 -31.8687166219 24.0861795913 0.0760507701071 0.118114675977
LLFN -71.789 -39.3331 -5.8462998819 15.6283714784 0.0830478310985 0.1567817776
LMHS -70.7518 -37.0241 -34.0530730357 18.7079844503 0.206102272407 0.210027284856
LNQM -71.3619 -38.4552 -18.3787795787 21.4738016811 0.225556089024 0.189412810257
LNRS -71.6294 -35.8507 -43.496518428 21.3574008362 0.0978419516003 0.1349005905
MA01 -68.0574 -38.951 -9.66196861536 17.2917790509 0.073051607804 0.0705361331417
MA02 -70.4846 -36.0169 -5.96258584157 -1.8480500481 0.00638143894302 1.37484115665
MAUL -70.8214 -35.8096 -43.7631410901 31.7534402599 0.0665933377054 0.054196693406
MCTE -73.3939 -37.8199 -1.98690315795 17.8272932158 0.105069194731 0.242476618013
MEHN -73.2149 -39.4314 14.9245460666 13.4904580692 0.112594413309 0.231732842067
MELK -73.7492 -43.8967 10.8190280758 18.9165325044 0.0525174027312 0.124323558063
MGUE -69.3979 -35.7774 -24.0446498897 16.836935451 0.0372293933528 0.04444816278
MRQT -72.4439 -42.0312 -0.232940580268 16.6684134192 0.497602881371 0.321998263726
NIEB -73.4011 -39.8687 21.3268083288 17.002044341 0.130804119257 0.115281925133
NIHU -72.3973 -36.3946 -15.2907318907 20.5464033897 0.0325867949049 0.0721966295765
NRVL -72.0948 -35.5435 -21.8146069804 17.4807101435 0.0870546001646 0.190942633871
OSOR -73.1036 -40.5972 13.8327203986 15.2278515399 0.0356540066914 0.076790394054
PAJA -72.1274 -40.6611 5.40822125628 16.6491568445 0.151042577189 0.211604874452
PARC -70.8799 -53.137 5.64866590707 15.423632175 0.064316290011 0.0871187872572
PELL -72.6056 -35.8279 -5.91869419574 27.1009949631 0.0648812855925 0.186305841134
PHDP -67.133 -36.0298 -12.1113902895 4.23564175954 0.297381735209 0.29842808417
PMO1 -72.9389 -41.4686 7.67400183168 11.5665644611 0.172813633277 0.177599401133
PUCA -73.735 -40.5864 23.7134851673 17.5421477675 0.109905332548 0.198209002269
PUMA -72.9473 -46.7261 2.54012087808 14.1831805286 0.142077676283 0.135158824671
PWIL -67.6304 -54.9322 12.7993345006 9.10520176621 0.5456669783 0.866543349838
PWMS -67.5849 -54.9342 7.88472261349 19.6979670034 0.0993240270669 0.230516852628
PWRO -69.2106 -38.4231 -14.519117154 13.5780908854 0.300275896838 0.237369927353
QLAP -72.1255 -36.0845 -21.959907935 18.8413084987 0.0427527223477 0.0626230679834
RANC -71.5669 -36.5487 -39.7527895966 17.5419480772 0.113528354621 0.178668530463
RIO2 -67.7511 -53.7855 3.18366025269 14.7618910641 0.0262616334051 0.0901419388877
SJAV -71.7325 -35.5954 -34.9356107991 22.3579219446 0.0384841063666 0.048011557191
SUAR -61.9313 -37.4585 -3.27982466794 3.75094532914 1.10901621664 1.01430728014
TMCO -72.6137 -38.7648 -4.13432009014 17.4206056662 0.0438668500772 0.159887281972
TRGN -72.6723 -38.2356 -13.8615374165 24.2155202248 0.270171259174 0.403150382405
TRTL -73.541 -47.8031 13.4546382596 -9.47635248264 8.89579311363 6.97431281509
UDEC -72.3448 -37.4723 -26.0067187625 16.9893178103 0.0359164832123 0.0492744120441
UNPA -69.2087 -51.648 4.68068405387 14.1357562001 0.0920766109106 0.131175498705
UTAL -71.6371 -35.4062 -39.4571945525 24.1911922105 0.0365490576031 0.0419180778619
VITA -72.8647 -36.4236 4.72728384112 27.421342808 0.065864318856 0.123779163474
