AGUI -73.5226 -45.166 4.71262375782 20.933631587 0.144369646221 0.702214014197
ANTC -71.532 -37.3387 15.1623784239 11.8214956126 0.00708377374131 0.0124861486301
AUTF -68.3036 -54.8395 9.09528148962 12.667867606 0.00815824582714 0.0277225375514
AYSE -72.6813 -45.3965 4.50891231684 9.14303673776 0.0208224316343 0.0885082763084
BAVE -70.7656 -34.1676 21.4715393188 16.3083773779 0.0111343420528 0.0472976056892
BCAR -58.3011 -37.7612 -4.26833699534 20.5047150893 0.748289088438 1.86512364766
BUE1 -58.5193 -34.5737 -0.602387796277 13.7773983076 0.0154634433553 0.0567716674401
CHAC -72.7894 -45.4504 1.84819759693 6.91452911387 0.0599758749766 0.0810558678169
CHAI -72.7205 -42.9109 -0.977404109946 28.5572925905 0.139432678194 0.602222521765
CONS -72.4121 -35.331 39.8180729286 21.9735385893 0.0161425690772 0.0131453745304
CONZ -73.0255 -36.8438 35.3674932971 21.4752289115 0.00367854286941 0.0113224509434
COYQ -71.8921 -45.5143 0.517887193568 10.2888070993 0.00984933373776 0.0179841404369
CSNS -72.7022 -44.7581 4.69286860669 18.0938186583 0.876594078869 0.891938886931
CSTR -73.792 -42.4776 9.78027710519 15.3510848911 0.079330734757 0.229989799933
FALK -57.8741 -51.6937 -0.334361521895 10.0103708881 0.0570295321237 0.111865760377
GUAF -74.8272 -43.5666 42.5071705824 22.471995022 5.21987366058 1.51277760363
HUET -72.569 -48.4652 5.91500679857 10.4018864269 0.0393968986796 0.0706271144881
IGM1 -58.4393 -34.5722 -1.14766935884 11.9286651477 0.01964742811 0.0348293265206
JUTA -72.169 -44.104 -0.76823606317 17.737057624 0.329906758609 0.275218601258
LAJA -71.3764 -37.3855 15.0862483631 11.656190079 0.00861128467963 0.0210124314514
LHCL -65.5952 -38.0027 0.398445311513 11.0807227703 0.00341954070962 0.0136111374516
LLFN -71.789 -39.3331 2.17701289098 8.67499292177 0.0164655524451 0.0388893484208
LNQM -71.3619 -38.4552 4.62990658484 7.71698160697 0.024756150383 0.0403435019572
LPGS -57.9323 -34.9067 -0.219666007484 12.1634914665 0.00513824180878 0.0154487320693
MAUL -70.8214 -35.8096 19.3372209393 17.5584531453 0.0141503113519 0.0166166690144
MEHN -73.2149 -39.4314 16.1795580643 20.9159490836 0.192115299328 0.10577729988
MELK -73.7492 -43.8967 4.81736425029 19.9348826719 0.189695744198 1.12911476752
MELN -72.7779 -43.9761 4.61573985336 21.6730632276 0.066192777658 0.165243864929
MOCH -73.9048 -38.4101 30.4425159656 18.1174343494 1.68456904728 0.166862749249
MRQT -72.4439 -42.0312 -2.41846867771 9.9291609769 0.185607661757 0.174470773518
MZAS -68.3345 -34.6149 5.64560064594 12.5145377745 0.00270677913606 0.0144167871147
NIEB -73.4011 -39.8687 16.9551025444 21.3426553457 0.0228950610674 0.0366655710442
PARC -70.8799 -53.137 5.16971426326 13.4766247378 0.0102511645954 0.0158872037803
PCHE -72.6489 -41.7413 1.16066098053 13.262156795 0.0406589815274 0.141903354747
PMO1 -72.9389 -41.4686 2.28229277775 16.8762944499 0.011415782591 0.0326298790629
PUYU -72.5969 -44.4476 0.141224647307 12.9873079847 0.032778474064 0.052848256523
RIO2 -67.7511 -53.7855 3.44202402393 13.6016257377 0.00334332132565 0.0135149129436
RWSN -65.1072 -43.2989 -1.30261625073 11.6963667169 0.0228853752958 0.0241647055989
SJAV -71.7325 -35.5954 36.0363870119 15.1233492554 0.0174817780675 0.0169866860573
SRLP -64.2804 -36.6215 -1.70243010108 12.2268486743 0.128298826512 0.104772140591
TORG -73.0902 -45.3193 -23.4119214489 43.0272253864 2.15246367506 2.67530258563
UDEC -72.3448 -37.4723 23.4137875831 15.2108233568 0.00352876721359 0.0121375528921
VBCA -62.2692 -38.7008 -0.0510493639207 11.5176645619 0.00666667236913 0.02469785596